 0.00000000  0.00000000  0.00000000  0.00000000  0.00000000
 0.00010000  2.00000000  1.99999676  0.00000000  0.00000000
 0.00020000  3.93513514  3.93512886  0.08148148  0.08148135
 0.00030000  5.80743646  5.80742735  0.24180180  0.24180141
 0.00040000  7.61887151  7.61885976  0.47840106  0.47840030
 0.00050000  9.37134629  9.37133208  0.78879949  0.78879825
 0.00060000 11.06670721 11.06669071  1.17059490  1.17059308
 0.00070000 12.70674293 12.70672431  1.62146015  1.62145766
 0.00080000 14.29318618 14.29316560  2.13914069  2.13913744
 0.00090000 15.82771551 15.82769310  2.72145206  2.72144797
 0.00100000 17.31195695 17.31193287  3.36627745  3.36627245
 0.00110000 18.74748572 18.74746010  4.07156527  4.07155929
 0.00120000 20.13582776 20.13580072  4.83532673  4.83531970
 0.00130000 21.47846130 21.47843297  5.65563339  5.65562527
 0.00140000 22.77681834 22.77678883  6.53061482  6.53060553
 0.00150000 24.03228612 24.03225553  7.45845611  7.45844562
 0.00160000 25.24620848 25.24617693  8.43739558  8.43738384
 0.00170000 26.41988729 26.41985487  9.46572235  9.46570932
 0.00180000 27.55458368 27.55455048 10.54177401 10.54175966
 0.00190000 28.65151938 28.65148550 11.66393427 11.66391856
 0.00200000 29.71187795 29.71184346 12.83063067 12.83061358
 0.00210000 30.73680594 30.73677092 14.04033227 14.04031377
 0.00220000 31.72741410 31.72737862 15.29154741 15.29152747
 0.00230000 32.68477848 32.68474262 16.58282145 16.58280005
 0.00240000 33.60994152 33.60990535 17.91273461 17.91271173
 0.00250000 34.50391314 34.50387671 19.27989978 19.27987542
 0.00260000 35.36767173 35.36763509 20.68296046 20.68293459
 0.00270000 36.20216514 36.20212836 22.12058862 22.12056124
 0.00280000 37.00831169 37.00827483 23.59148274 23.59145383
 0.00290000 37.78700107 37.78696416 25.09436579 25.09433536
 0.00300000 38.53909525 38.53905835 26.62798339 26.62795142
 0.00310000 39.26542936 39.26539251 28.19110188 28.19106837
 0.00320000 39.96681256 39.96677580 29.78250658 29.78247152
 0.00330000 40.64402884 40.64399220 31.40100005 31.40096345
 0.00340000 41.29783782 41.29780134 33.04540044 33.04536230
 0.00350000 41.92897556 41.92893928 34.71453994 34.71450026
 0.00360000 42.53815528 42.53811922 36.40726321 36.40722199
 0.00370000 43.12606809 43.12603228 38.12242605 38.12238330
 0.00380000 43.69338372 43.69334819 39.85889399 39.85884970
 0.00390000 44.24075118 44.24071595 41.61554107 41.61549526
 0.00400000 44.76879944 44.76876454 43.39124871 43.39120138
 0.00410000 45.27813807 45.27810353 45.18490459 45.18485575
 0.00420000 45.76935787 45.76932369 46.99540173 46.99535139
 0.00430000 46.24303145 46.24299765 48.82163759 48.82158576
 0.00440000 46.69971383 46.69968044 50.66251334 50.66246003
 0.00450000 47.13994303 47.13991006 52.51693317 52.51687839
 0.00460000 47.56424059 47.56420804 54.38380375 54.38374750
 0.00470000 47.97311210 47.97307999 56.26203376 56.26197606
 0.00480000 48.36704773 48.36701608 58.15053360 58.15047446
 0.00490000 48.74652273 48.74649154 60.04821512 60.04815456
 0.00500000 49.11199791 49.11196720 61.95399155 61.95392958
 0.00510000 49.46392009 49.46388986 63.86677746 63.86671409
 0.00520000 49.80272259 49.80269284 65.78548888 65.78542414
 0.00530000 50.12882561 50.12879635 67.70904355 67.70897745
 0.00540000 50.44263671 50.44260796 69.63636123 69.63629377
 0.00550000 50.74455120 50.74452295 71.56636412 71.56629534
 0.00560000 51.03495251 51.03492477 73.49797745 73.49790736
 0.00570000 51.31421261 51.31418538 75.43013011 75.43005873
 0.00580000 51.58269236 51.58266563 77.36175538 77.36168273
 0.00590000 51.84074185 51.84071564 79.29179180 79.29171791
 0.00600000 52.08870079 52.08867509 81.21918409 81.21910897
 0.00610000 52.32689878 52.32687360 83.14288417 83.14280785
 0.00620000 52.55565571 52.55563104 85.06185224 85.06177474
 0.00630000 52.77528198 52.77525783 86.97505798 86.97497933
 0.00640000 52.98607887 52.98605522 88.88148177 88.88140199
 0.00650000 53.18833877 53.18831564 90.78011594 90.78003507
 0.00660000 53.38234552 53.38232289 92.66996618 92.66988425
 0.00670000 53.56837461 53.56835249 94.55005287 94.54996989
 0.00680000 53.74669350 53.74667188 96.41941247 96.41932849
 0.00690000 53.91756180 53.91754068 98.27709900 98.27701404
 0.00700000 54.08123157 54.08121095 100.12218545 100.12209956
 0.00710000 54.23794752 54.23792739 101.95376524 101.95367844
 0.00720000 54.38794721 54.38792757 103.77095363 103.77086597
 0.00730000 54.53146132 54.53144215 105.57288916 105.57280067
 0.00740000 54.66871378 54.66869509 107.35873504 107.35864575
 0.00750000 54.79992203 54.79990382 109.12768048 109.12759044
 0.00760000 54.92529717 54.92527942 110.87894202 110.87885128
 0.00770000 55.04504415 55.04502687 112.61176479 112.61167338
 0.00780000 55.15936195 55.15934513 114.32542366 114.32533163
 0.00790000 55.26844375 55.26842738 116.01922438 116.01913177
 0.00800000 55.37247708 55.37246115 117.69250461 117.69241147
 0.00810000 55.47164397 55.47162848 119.34463489 119.34454126
 0.00820000 55.56612111 55.56610605 120.97501943 120.97492536
 0.00830000 55.65608000 55.65606537 122.58309695 122.58300249
 0.00840000 55.74168708 55.74167287 124.16834129 124.16824649
 0.00850000 55.82310384 55.82309005 125.73026196 125.73016686
 0.00860000 55.90048700 55.90047361 127.26840456 127.26830922
 0.00870000 55.97398857 55.97397558 128.78235115 128.78225562
 0.00880000 56.04375604 56.04374344 130.27172045 130.27162478
 0.00890000 56.10993241 56.10992020 131.73616790 131.73607214
 0.00900000 56.17265640 56.17264457 133.17538570 133.17528990
 0.00910000 56.23206247 56.23205101 134.58910264 134.58900685
 0.00920000 56.28828098 56.28826988 135.97708389 135.97698817
 0.00930000 56.34143825 56.34142751 137.33913065 137.33903504
 0.00940000 56.39165670 56.39164632 138.67507972 138.67498427
 0.00950000 56.43905493 56.43904489 139.98480290 139.98470768
 0.00960000 56.48374778 56.48373808 141.26820643 141.26811148
 0.00970000 56.52584648 56.52583711 142.52523020 142.52513556
 0.00980000 56.56545869 56.56544964 143.75584695 143.75575267
 0.00990000 56.60268859 56.60267987 144.96006139 144.95996753
 0.01000000 56.63763702 56.63762860 146.13790923 146.13781583
 0.01010000 56.67040147 56.67039335 147.28945617 147.28936327
 0.01020000 56.70107623 56.70106841 148.41479677 148.41470442
 0.01030000 56.72975245 56.72974492 149.51405336 149.51396161
 0.01040000 56.75651821 56.75651097 150.58737484 150.58728374
 0.01050000 56.78145861 56.78145164 151.63493549 151.63484507
 0.01060000 56.80465582 56.80464912 152.65693367 152.65684396
 0.01070000 56.82618918 56.82618274 153.65359058 153.65350164
 0.01080000 56.84613525 56.84612907 154.62514901 154.62506086
 0.01090000 56.86456789 56.86456196 155.57187196 155.57178465
 0.01100000 56.88155834 56.88155265 156.49404142 156.49395497
 0.01110000 56.89717528 56.89716983 157.39195701 157.39187146
 0.01120000 56.91148488 56.91147965 158.26593472 158.26585010
 0.01130000 56.92455088 56.92454588 159.11630562 159.11622195
 0.01140000 56.93643469 56.93642991 159.94341457 159.94333189
 0.01150000 56.94719539 56.94719081 160.74761903 160.74753737
 0.01160000 56.95688982 56.95688546 161.52928779 161.52920716
 0.01170000 56.96557268 56.96556851 162.28879979 162.28872022
 0.01180000 56.97329653 56.97329255 163.02654300 163.02646451
 0.01190000 56.98011189 56.98010810 163.74291322 163.74283583
 0.01200000 56.98606728 56.98606368 164.43831308 164.43823681
 0.01210000 56.99120930 56.99120588 165.11315093 165.11307579
 0.01220000 56.99558268 56.99557942 165.76783985 165.76776585
 0.01230000 56.99923030 56.99922721 166.40279669 166.40272385
 0.01240000 57.00219331 57.00219038 167.01844117 167.01836949
 0.01250000 57.00451114 57.00450836 167.61519494 167.61512444
 0.01260000 57.00622155 57.00621892 168.19348081 168.19341150
 0.01270000 57.00736072 57.00735824 168.75372196 168.75365384
 0.01280000 57.00796327 57.00796093 169.29634114 169.29627421
 0.01290000 57.00806231 57.00806011 169.82176003 169.82169430
 0.01300000 57.00768953 57.00768746 170.33039857 170.33033405
 0.01310000 57.00687519 57.00687325 170.82267434 170.82261102
 0.01320000 57.00564821 57.00564638 171.29900200 171.29893988
 0.01330000 57.00403618 57.00403448 171.75979277 171.75973185
 0.01340000 57.00206547 57.00206387 172.20545391 172.20539419
 0.01350000 56.99976118 56.99975969 172.63638834 172.63632981
 0.01360000 56.99714728 56.99714590 173.05299418 173.05293684
 0.01370000 56.99424659 56.99424531 173.45566439 173.45560823
 0.01380000 56.99108084 56.99107966 173.84478643 173.84473145
 0.01390000 56.98767071 56.98766961 174.22074201 174.22068819
 0.01400000 56.98403586 56.98403486 174.58390674 174.58385408
 0.01410000 56.98019499 56.98019408 174.93464996 174.93459845
 0.01420000 56.97616587 56.97616504 175.27333450 175.27328412
 0.01430000 56.97196536 56.97196460 175.60031649 175.60026725
 0.01440000 56.96760944 56.96760876 175.91594527 175.91589714
 0.01450000 56.96311329 56.96311269 176.22056318 176.22051615
 0.01460000 56.95849128 56.95849074 176.51450550 176.51445956
 0.01470000 56.95375700 56.95375653 176.79810038 176.79805552
 0.01480000 56.94892334 56.94892293 177.07166874 177.07162494
 0.01490000 56.94400244 56.94400209 177.33552426 177.33548151
 0.01500000 56.93900581 56.93900552 177.58997335 177.58993163
 0.01510000 56.93394430 56.93394406 177.83531512 177.83527443
 0.01520000 56.92882812 56.92882794 178.07184142 178.07180174
 0.01530000 56.92366692 56.92366678 178.29983685 178.29979816
 0.01540000 56.91846976 56.91846967 178.51957879 178.51954107
 0.01550000 56.91324517 56.91324513 178.73133745 178.73130068
 0.01560000 56.90800116 56.90800116 178.93537592 178.93534010
 0.01570000 56.90274525 56.90274529 179.13195027 179.13191537
 0.01580000 56.89748447 56.89748455 179.32130959 179.32127560
 0.01590000 56.89222543 56.89222554 179.50369610 179.50366300
 0.01600000 56.88697428 56.88697443 179.67934523 179.67931301
 0.01610000 56.88173678 56.88173696 179.84848572 179.84845436
 0.01620000 56.87651829 56.87651850 180.01133974 180.01130921
 0.01630000 56.87132380 56.87132404 180.16812297 180.16809327
 0.01640000 56.86615794 56.86615821 180.31904474 180.31901585
 0.01650000 56.86102502 56.86102532 180.46430816 180.46428006
 0.01660000 56.85592902 56.85592934 180.60411019 180.60408287
 0.01670000 56.85087360 56.85087394 180.73864182 180.73861525
 0.01680000 56.84586215 56.84586252 180.86808815 180.86806233
 0.01690000 56.84089779 56.84089817 180.99262855 180.99260346
 0.01700000 56.83598336 56.83598375 181.11243678 181.11241239
 0.01710000 56.83112145 56.83112187 181.22768110 181.22765741
 0.01720000 56.82631445 56.82631488 181.33852444 181.33850143
 0.01730000 56.82156448 56.82156493 181.44512449 181.44510214
 0.01740000 56.81687350 56.81687395 181.54763384 181.54761214
 0.01750000 56.81224322 56.81224369 181.64620013 181.64617906
 0.01760000 56.80767521 56.80767569 181.74096615 181.74094570
 0.01770000 56.80317083 56.80317132 181.83206999 181.83205014
 0.01780000 56.79873128 56.79873178 181.91964515 181.91962589
 0.01790000 56.79435761 56.79435812 182.00382068 182.00380200
 0.01800000 56.79005071 56.79005123 182.08472130 182.08470317
 0.01810000 56.78581134 56.78581186 182.16246749 182.16244992
 0.01820000 56.78164012 56.78164065 182.23717568 182.23715864
 0.01830000 56.77753756 56.77753809 182.30895830 182.30894177
 0.01840000 56.77350403 56.77350456 182.37792392 182.37790790
 0.01850000 56.76953980 56.76954034 182.44417738 182.44416185
 0.01860000 56.76564505 56.76564560 182.50781989 182.50780484
 0.01870000 56.76181986 56.76182041 182.56894913 182.56893455
 0.01880000 56.75806421 56.75806475 182.62765937 182.62764524
 0.01890000 56.75437800 56.75437854 182.68404157 182.68402788
 0.01900000 56.75076105 56.75076160 182.73818350 182.73817024
 0.01910000 56.74721313 56.74721367 182.79016980 182.79015696
 0.01920000 56.74373390 56.74373445 182.84008213 182.84006970
 0.01930000 56.74032300 56.74032354 182.88799923 182.88798719
 0.01940000 56.73697998 56.73698053 182.93399702 182.93398536
 0.01950000 56.73370436 56.73370490 182.97814869 182.97813741
 0.01960000 56.73049560 56.73049614 183.02052483 183.02051390
 0.01970000 56.72735312 56.72735365 183.06119342 183.06118286
 0.01980000 56.72427627 56.72427681 183.10022004 183.10020982
 0.01990000 56.72126442 56.72126495 183.13766785 183.13765795
 0.02000000 56.71831684 56.71831736 183.17359770 183.17358813
 0.02010000 56.71543281 56.71543334 183.20806824 183.20805898
 0.02020000 56.71261158 56.71261210 183.24113596 183.24112701
 0.02030000 56.70985235 56.70985287 183.27285527 183.27284661
 0.02040000 56.70715433 56.70715483 183.30327857 183.30327020
 0.02050000 56.70451667 56.70451717 183.33245633 183.33244824
 0.02060000 56.70193853 56.70193903 183.36043716 183.36042934
 0.02070000 56.69941905 56.69941955 183.38726783 183.38726028
 0.02080000 56.69695736 56.69695785 183.41299341 183.41298611
 0.02090000 56.69455256 56.69455304 183.43765726 183.43765021
 0.02100000 56.69220375 56.69220423 183.46130112 183.46129431
 0.02110000 56.68991004 56.68991051 183.48396518 183.48395859
 0.02120000 56.68767050 56.68767097 183.50568809 183.50568174
 0.02130000 56.68548422 56.68548468 183.52650708 183.52650094
 0.02140000 56.68335028 56.68335074 183.54645795 183.54645202
 0.02150000 56.68126776 56.68126820 183.56557515 183.56556942
 0.02160000 56.67923572 56.67923616 183.58389182 183.58388630
 0.02170000 56.67725325 56.67725369 183.60143986 183.60143453
 0.02180000 56.67531943 56.67531986 183.61824993 183.61824478
 0.02190000 56.67343333 56.67343376 183.63435154 183.63434657
 0.02200000 56.67159405 56.67159447 183.64977306 183.64976826
 0.02210000 56.66980066 56.66980107 183.66454177 183.66453715
 0.02220000 56.66805226 56.66805267 183.67868393 183.67867946
 0.02230000 56.66634796 56.66634836 183.69222475 183.69222045
 0.02240000 56.66468685 56.66468724 183.70518850 183.70518435
 0.02250000 56.66306806 56.66306844 183.71759851 183.71759451
 0.02260000 56.66149069 56.66149107 183.72947719 183.72947333
 0.02270000 56.65995389 56.65995427 183.74084610 183.74084238
 0.02280000 56.65845680 56.65845716 183.75172596 183.75172237
 0.02290000 56.65699855 56.65699891 183.76213668 183.76213322
 0.02300000 56.65557831 56.65557867 183.77209739 183.77209406
 0.02310000 56.65419525 56.65419560 183.78162649 183.78162328
 0.02320000 56.65284855 56.65284889 183.79074165 183.79073856
 0.02330000 56.65153740 56.65153773 183.79945984 183.79945687
 0.02340000 56.65026099 56.65026132 183.80779739 183.80779453
 0.02350000 56.64901854 56.64901887 183.81576997 183.81576721
 0.02360000 56.64780928 56.64780960 183.82339263 183.82338997
 0.02370000 56.64663244 56.64663275 183.83067984 183.83067728
 0.02380000 56.64548727 56.64548758 183.83764549 183.83764303
 0.02390000 56.64437303 56.64437333 183.84430293 183.84430056
 0.02400000 56.64328898 56.64328928 183.85066496 183.85066268
 0.02410000 56.64223442 56.64223471 183.85674390 183.85674171
 0.02420000 56.64120864 56.64120892 183.86255157 183.86254946
 0.02430000 56.64021095 56.64021123 183.86809931 183.86809727
 0.02440000 56.63924067 56.63924094 183.87339801 183.87339605
 0.02450000 56.63829713 56.63829740 183.87845813 183.87845625
 0.02460000 56.63737968 56.63737994 183.88328972 183.88328792
 0.02470000 56.63648768 56.63648793 183.88790242 183.88790068
 0.02480000 56.63562049 56.63562074 183.89230547 183.89230380
 0.02490000 56.63477750 56.63477774 183.89650776 183.89650615
 0.02500000 56.63395810 56.63395834 183.90051780 183.90051625
 0.02510000 56.63316170 56.63316193 183.90434377 183.90434229
 0.02520000 56.63238771 56.63238794 183.90799353 183.90799211
 0.02530000 56.63163558 56.63163580 183.91147460 183.91147324
 0.02540000 56.63090473 56.63090495 183.91479421 183.91479290
 0.02550000 56.63019462 56.63019484 183.91795928 183.91795802
 0.02560000 56.62950473 56.62950494 183.92097647 183.92097526
 0.02570000 56.62883451 56.62883472 183.92385215 183.92385099
 0.02580000 56.62818347 56.62818367 183.92659244 183.92659132
 0.02590000 56.62755110 56.62755130 183.92920320 183.92920213
 0.02600000 56.62693691 56.62693710 183.93169007 183.93168904
 0.02610000 56.62634042 56.62634061 183.93405844 183.93405745
 0.02620000 56.62576117 56.62576135 183.93631347 183.93631253
 0.02630000 56.62519869 56.62519887 183.93846014 183.93845924
 0.02640000 56.62465254 56.62465271 183.94050320 183.94050233
 0.02650000 56.62412228 56.62412245 183.94244719 183.94244636
 0.02660000 56.62360748 56.62360765 183.94429651 183.94429571
 0.02670000 56.62310773 56.62310789 183.94605532 183.94605456
 0.02680000 56.62262262 56.62262278 183.94772766 183.94772692
 0.02690000 56.62215175 56.62215190 183.94931735 183.94931665
 0.02700000 56.62169473 56.62169489 183.95082810 183.95082742
 0.02710000 56.62125119 56.62125134 183.95226342 183.95226278
 0.02720000 56.62082076 56.62082090 183.95362671 183.95362610
 0.02730000 56.62040307 56.62040321 183.95492121 183.95492062
 0.02740000 56.61999777 56.61999790 183.95615001 183.95614945
 0.02750000 56.61960452 56.61960465 183.95731610 183.95731557
 0.02760000 56.61922298 56.61922311 183.95842233 183.95842182
 0.02770000 56.61885283 56.61885296 183.95947142 183.95947093
 0.02780000 56.61849375 56.61849387 183.96046598 183.96046551
 0.02790000 56.61814543 56.61814555 183.96140851 183.96140806
 0.02800000 56.61780756 56.61780768 183.96230141 183.96230098
 0.02810000 56.61747986 56.61747998 183.96314698 183.96314657
 0.02820000 56.61716203 56.61716214 183.96394739 183.96394700
 0.02830000 56.61685380 56.61685391 183.96470476 183.96470439
 0.02840000 56.61655488 56.61655499 183.96542109 183.96542074
 0.02850000 56.61626502 56.61626513 183.96609831 183.96609797
 0.02860000 56.61598396 56.61598406 183.96673825 183.96673793
 0.02870000 56.61571145 56.61571155 183.96734268 183.96734237
 0.02880000 56.61544723 56.61544733 183.96791328 183.96791298
 0.02890000 56.61519107 56.61519117 183.96845165 183.96845137
 0.02900000 56.61494274 56.61494283 183.96895934 183.96895908
 0.02910000 56.61470201 56.61470210 183.96943783 183.96943757
 0.02920000 56.61446867 56.61446875 183.96988851 183.96988827
 0.02930000 56.61424248 56.61424257 183.97031274 183.97031251
 0.02940000 56.61402326 56.61402334 183.97071180 183.97071158
 0.02950000 56.61381079 56.61381087 183.97108692 183.97108671
 0.02960000 56.61360488 56.61360495 183.97143928 183.97143908
 0.02970000 56.61340533 56.61340540 183.97177000 183.97176981
 0.02980000 56.61321195 56.61321203 183.97208015 183.97207997
 0.02990000 56.61302458 56.61302465 183.97237076 183.97237059
 0.03000000 56.61284301 56.61284309 183.97264281 183.97264265
 0.03010000 56.61266710 56.61266717 183.97289723 183.97289708
 0.03020000 56.61249666 56.61249673 183.97313491 183.97313477
 0.03030000 56.61233154 56.61233161 183.97335672 183.97335658
 0.03040000 56.61217158 56.61217164 183.97356345 183.97356332
 0.03050000 56.61201662 56.61201668 183.97375589 183.97375577
 0.03060000 56.61186652 56.61186658 183.97393479 183.97393467
 0.03070000 56.61172112 56.61172118 183.97410084 183.97410073
 0.03080000 56.61158029 56.61158035 183.97425472 183.97425462
 0.03090000 56.61144389 56.61144395 183.97439707 183.97439698
 0.03100000 56.61131179 56.61131184 183.97452852 183.97452843
 0.03110000 56.61118386 56.61118391 183.97464964 183.97464956
 0.03120000 56.61105996 56.61106001 183.97476099 183.97476092
 0.03130000 56.61093999 56.61094004 183.97486311 183.97486304
 0.03140000 56.61082381 56.61082386 183.97495650 183.97495643
 0.03150000 56.61071132 56.61071137 183.97504165 183.97504158
 0.03160000 56.61060240 56.61060245 183.97511901 183.97511895
 0.03170000 56.61049695 56.61049699 183.97518902 183.97518896
 0.03180000 56.61039485 56.61039490 183.97525210 183.97525205
 0.03190000 56.61029601 56.61029605 183.97530866 183.97530861
 0.03200000 56.61020033 56.61020037 183.97535905 183.97535901
 0.03210000 56.61010770 56.61010774 183.97540366 183.97540362
 0.03220000 56.61001803 56.61001807 183.97544281 183.97544277
 0.03230000 56.60993124 56.60993128 183.97547684 183.97547680
 0.03240000 56.60984724 56.60984727 183.97550605 183.97550602
 0.03250000 56.60976593 56.60976596 183.97553074 183.97553071
 0.03260000 56.60968724 56.60968727 183.97555119 183.97555117
 0.03270000 56.60961108 56.60961111 183.97556767 183.97556764
 0.03280000 56.60953737 56.60953741 183.97558042 183.97558040
 0.03290000 56.60946605 56.60946608 183.97558969 183.97558967
 0.03300000 56.60939703 56.60939706 183.97559571 183.97559569
 0.03310000 56.60933024 56.60933027 183.97559869 183.97559867
 0.03320000 56.60926562 56.60926565 183.97559883 183.97559881
 0.03330000 56.60920309 56.60920312 183.97559634 183.97559632
 0.03340000 56.60914260 56.60914262 183.97559139 183.97559138
 0.03350000 56.60908407 56.60908409 183.97558416 183.97558415
 0.03360000 56.60902744 56.60902747 183.97557483 183.97557482
 0.03370000 56.60897266 56.60897268 183.97556353 183.97556352
 0.03380000 56.60891967 56.60891969 183.97555043 183.97555042
 0.03390000 56.60886840 56.60886842 183.97553566 183.97553566
 0.03400000 56.60881881 56.60881884 183.97551936 183.97551936
 0.03410000 56.60877085 56.60877087 183.97550165 183.97550165
 0.03420000 56.60872445 56.60872448 183.97548266 183.97548265
 0.03430000 56.60867958 56.60867960 183.97546248 183.97546248
 0.03440000 56.60863618 56.60863620 183.97544124 183.97544124
 0.03450000 56.60859421 56.60859423 183.97541903 183.97541903
 0.03460000 56.60855362 56.60855364 183.97539595 183.97539595
 0.03470000 56.60851436 56.60851438 183.97537208 183.97537208
 0.03480000 56.60847640 56.60847642 183.97534750 183.97534751
 0.03490000 56.60843970 56.60843972 183.97532231 183.97532231
 0.03500000 56.60840420 56.60840422 183.97529657 183.97529657
 0.03510000 56.60836988 56.60836990 183.97527035 183.97527035
 0.03520000 56.60833670 56.60833672 183.97524371 183.97524372
 0.03530000 56.60830462 56.60830463 183.97521673 183.97521674
 0.03540000 56.60827360 56.60827361 183.97518945 183.97518946
 0.03550000 56.60824361 56.60824363 183.97516194 183.97516195
 0.03560000 56.60821462 56.60821463 183.97513424 183.97513425
 0.03570000 56.60818659 56.60818661 183.97510640 183.97510641
 0.03580000 56.60815950 56.60815951 183.97507847 183.97507847
 0.03590000 56.60813331 56.60813332 183.97505048 183.97505049
 0.03600000 56.60810800 56.60810801 183.97502247 183.97502248
 0.03610000 56.60808353 56.60808354 183.97499449 183.97499450
 0.03620000 56.60805988 56.60805989 183.97496657 183.97496658
 0.03630000 56.60803702 56.60803703 183.97493873 183.97493874
 0.03640000 56.60801493 56.60801494 183.97491101 183.97491102
 0.03650000 56.60799358 56.60799359 183.97488343 183.97488344
 0.03660000 56.60797294 56.60797295 183.97485602 183.97485602
 0.03670000 56.60795300 56.60795301 183.97482879 183.97482880
 0.03680000 56.60793373 56.60793374 183.97480178 183.97480179
 0.03690000 56.60791511 56.60791512 183.97477500 183.97477501
 0.03700000 56.60789712 56.60789713 183.97474847 183.97474848
 0.03710000 56.60787974 56.60787975 183.97472220 183.97472221
 0.03720000 56.60786294 56.60786295 183.97469621 183.97469622
 0.03730000 56.60784671 56.60784672 183.97467052 183.97467053
 0.03740000 56.60783103 56.60783104 183.97464513 183.97464514
 0.03750000 56.60781588 56.60781589 183.97462006 183.97462007
 0.03760000 56.60780124 56.60780125 183.97459531 183.97459532
 0.03770000 56.60778711 56.60778711 183.97457090 183.97457091
 0.03780000 56.60777345 56.60777345 183.97454683 183.97454684
 0.03790000 56.60776025 56.60776026 183.97452310 183.97452311
 0.03800000 56.60774751 56.60774751 183.97449974 183.97449975
 0.03810000 56.60773520 56.60773520 183.97447673 183.97447674
 0.03820000 56.60772331 56.60772331 183.97445408 183.97445409
 0.03830000 56.60771182 56.60771183 183.97443181 183.97443181
 0.03840000 56.60770073 56.60770073 183.97440990 183.97440991
 0.03850000 56.60769001 56.60769002 183.97438836 183.97438837
 0.03860000 56.60767967 56.60767967 183.97436720 183.97436721
 0.03870000 56.60766968 56.60766968 183.97434641 183.97434642
 0.03880000 56.60766003 56.60766003 183.97432600 183.97432601
 0.03890000 56.60765071 56.60765071 183.97430596 183.97430597
 0.03900000 56.60764171 56.60764171 183.97428630 183.97428631
 0.03910000 56.60763302 56.60763302 183.97426700 183.97426701
 0.03920000 56.60762463 56.60762463 183.97424808 183.97424809
 0.03930000 56.60761653 56.60761653 183.97422953 183.97422954
 0.03940000 56.60760871 56.60760871 183.97421135 183.97421136
 0.03950000 56.60760115 56.60760116 183.97419353 183.97419354
 0.03960000 56.60759386 56.60759387 183.97417608 183.97417609
 0.03970000 56.60758682 56.60758683 183.97415898 183.97415899
 0.03980000 56.60758003 56.60758003 183.97414224 183.97414225
 0.03990000 56.60757347 56.60757347 183.97412585 183.97412586
 0.04000000 56.60756714 56.60756714 183.97410982 183.97410982
 0.04010000 56.60756102 56.60756103 183.97409412 183.97409413
 0.04020000 56.60755512 56.60755512 183.97407877 183.97407878
 0.04030000 56.60754943 56.60754943 183.97406376 183.97406376
 0.04040000 56.60754393 56.60754393 183.97404907 183.97404908
 0.04050000 56.60753862 56.60753862 183.97403472 183.97403473
 0.04060000 56.60753350 56.60753350 183.97402069 183.97402070
 0.04070000 56.60752856 56.60752856 183.97400698 183.97400699
 0.04080000 56.60752379 56.60752379 183.97399358 183.97399359
 0.04090000 56.60751918 56.60751919 183.97398049 183.97398050
 0.04100000 56.60751474 56.60751474 183.97396771 183.97396772
 0.04110000 56.60751045 56.60751046 183.97395523 183.97395523
 0.04120000 56.60750632 56.60750632 183.97394304 183.97394305
 0.04130000 56.60750232 56.60750233 183.97393114 183.97393115
 0.04140000 56.60749847 56.60749848 183.97391953 183.97391953
 0.04150000 56.60749476 56.60749476 183.97390819 183.97390820
 0.04160000 56.60749117 56.60749117 183.97389713 183.97389714
 0.04170000 56.60748771 56.60748771 183.97388634 183.97388635
 0.04180000 56.60748437 56.60748438 183.97387582 183.97387582
 0.04190000 56.60748115 56.60748115 183.97386555 183.97386556
 0.04200000 56.60747805 56.60747805 183.97385554 183.97385555
 0.04210000 56.60747505 56.60747505 183.97384578 183.97384579
 0.04220000 56.60747216 56.60747216 183.97383627 183.97383627
 0.04230000 56.60746937 56.60746937 183.97382699 183.97382700
 0.04240000 56.60746668 56.60746668 183.97381795 183.97381796
 0.04250000 56.60746408 56.60746409 183.97380914 183.97380915
 0.04260000 56.60746158 56.60746158 183.97380056 183.97380057
 0.04270000 56.60745917 56.60745917 183.97379220 183.97379220
 0.04280000 56.60745684 56.60745684 183.97378405 183.97378406
 0.04290000 56.60745459 56.60745460 183.97377612 183.97377612
 0.04300000 56.60745243 56.60745243 183.97376839 183.97376839
 0.04310000 56.60745034 56.60745034 183.97376086 183.97376087
 0.04320000 56.60744833 56.60744833 183.97375353 183.97375354
 0.04330000 56.60744638 56.60744639 183.97374640 183.97374640
 0.04340000 56.60744451 56.60744451 183.97373945 183.97373946
 0.04350000 56.60744271 56.60744271 183.97373269 183.97373270
 0.04360000 56.60744096 56.60744097 183.97372611 183.97372612
 0.04370000 56.60743929 56.60743929 183.97371971 183.97371971
 0.04380000 56.60743767 56.60743767 183.97371348 183.97371348
 0.04390000 56.60743611 56.60743611 183.97370742 183.97370742
 0.04400000 56.60743460 56.60743460 183.97370152 183.97370152
 0.04410000 56.60743315 56.60743315 183.97369578 183.97369578
 0.04420000 56.60743175 56.60743175 183.97369020 183.97369020
 0.04430000 56.60743040 56.60743041 183.97368477 183.97368478
 0.04440000 56.60742910 56.60742911 183.97367949 183.97367950
 0.04450000 56.60742785 56.60742785 183.97367436 183.97367436
 0.04460000 56.60742664 56.60742665 183.97366937 183.97366937
 0.04470000 56.60742548 56.60742548 183.97366452 183.97366452
 0.04480000 56.60742436 56.60742436 183.97365980 183.97365980
 0.04490000 56.60742328 56.60742328 183.97365521 183.97365522
 0.04500000 56.60742224 56.60742224 183.97365076 183.97365076
 0.04510000 56.60742123 56.60742123 183.97364642 183.97364643
 0.04520000 56.60742026 56.60742026 183.97364221 183.97364222
 0.04530000 56.60741933 56.60741933 183.97363812 183.97363812
 0.04540000 56.60741843 56.60741843 183.97363415 183.97363415
 0.04550000 56.60741757 56.60741757 183.97363028 183.97363029
 0.04560000 56.60741673 56.60741673 183.97362653 183.97362653
 0.04570000 56.60741593 56.60741593 183.97362288 183.97362289
 0.04580000 56.60741515 56.60741515 183.97361934 183.97361935
 0.04590000 56.60741441 56.60741441 183.97361590 183.97361591
 0.04600000 56.60741369 56.60741369 183.97361256 183.97361257
 0.04610000 56.60741299 56.60741299 183.97360932 183.97360932
 0.04620000 56.60741233 56.60741233 183.97360617 183.97360617
 0.04630000 56.60741168 56.60741168 183.97360311 183.97360311
 0.04640000 56.60741106 56.60741106 183.97360014 183.97360014
 0.04650000 56.60741047 56.60741047 183.97359725 183.97359726
 0.04660000 56.60740989 56.60740989 183.97359446 183.97359446
 0.04670000 56.60740934 56.60740934 183.97359174 183.97359174
 0.04680000 56.60740880 56.60740881 183.97358910 183.97358910
 0.04690000 56.60740829 56.60740829 183.97358654 183.97358654
 0.04700000 56.60740780 56.60740780 183.97358405 183.97358405
 0.04710000 56.60740732 56.60740732 183.97358164 183.97358164
 0.04720000 56.60740686 56.60740686 183.97357930 183.97357930
 0.04730000 56.60740642 56.60740642 183.97357703 183.97357703
 0.04740000 56.60740599 56.60740599 183.97357482 183.97357483
 0.04750000 56.60740558 56.60740558 183.97357269 183.97357269
 0.04760000 56.60740519 56.60740519 183.97357061 183.97357061
 0.04770000 56.60740481 56.60740481 183.97356860 183.97356860
 0.04780000 56.60740444 56.60740444 183.97356665 183.97356665
 0.04790000 56.60740409 56.60740409 183.97356475 183.97356475
 0.04800000 56.60740375 56.60740375 183.97356291 183.97356292
 0.04810000 56.60740343 56.60740343 183.97356113 183.97356113
 0.04820000 56.60740311 56.60740311 183.97355940 183.97355941
 0.04830000 56.60740281 56.60740281 183.97355773 183.97355773
 0.04840000 56.60740252 56.60740252 183.97355610 183.97355610
 0.04850000 56.60740224 56.60740224 183.97355453 183.97355453
 0.04860000 56.60740197 56.60740197 183.97355300 183.97355300
 0.04870000 56.60740171 56.60740171 183.97355152 183.97355152
 0.04880000 56.60740146 56.60740146 183.97355008 183.97355008
 0.04890000 56.60740122 56.60740122 183.97354869 183.97354869
 0.04900000 56.60740099 56.60740099 183.97354734 183.97354734
 0.04910000 56.60740076 56.60740076 183.97354603 183.97354603
 0.04920000 56.60740055 56.60740055 183.97354476 183.97354476
 0.04930000 56.60740034 56.60740034 183.97354353 183.97354353
 0.04940000 56.60740014 56.60740014 183.97354234 183.97354234
 0.04950000 56.60739995 56.60739995 183.97354118 183.97354118
 0.04960000 56.60739977 56.60739977 183.97354006 183.97354006
 0.04970000 56.60739959 56.60739959 183.97353898 183.97353898
 0.04980000 56.60739942 56.60739942 183.97353793 183.97353793
 0.04990000 56.60739926 56.60739926 183.97353691 183.97353691
 0.05000000 56.60739910 56.60739910 183.97353592 183.97353592
